     0/299     7.38G      5.29      3.82         0      9.11        19       512         0         0    0.0289         0      4.46      2.04         0
     1/299     6.91G      3.74       2.2         0      5.94        19       512     0.568     0.135     0.295     0.219      3.38       1.4         0
     2/299     6.91G      3.63      1.63         0      5.27        20       512     0.315     0.685      0.53     0.431       4.1      1.05         0
     3/299     6.91G      3.96      1.37         0      5.33        17       512     0.415      0.68     0.567     0.515      3.87      1.01         0
     4/299     6.91G      3.53       1.4         0      4.93        26       512    0.0842     0.489     0.118     0.144      4.15      3.65         0
     5/299     6.91G      3.36      1.31         0      4.68        22       512     0.655     0.545     0.551     0.595      4.08      1.05         0
     6/299     6.91G       2.9      1.28         0      4.18        22       512     0.583     0.533     0.519     0.557      3.73      1.05         0
     7/299     6.91G       2.9       1.3         0      4.21        21       512    0.0487     0.104    0.0119    0.0662      8.23      2.92         0
     8/299     6.91G      3.04       1.3         0      4.34        21       512     0.392     0.731     0.629      0.51      3.35     0.986         0
     9/299     6.91G      3.14      1.33         0      4.47        18       512     0.729     0.285     0.373      0.41       4.7      1.22         0
    10/299     6.91G      2.74      1.32         0      4.06        18       512     0.265     0.383     0.261     0.314      5.42      1.41         0
    11/299     6.91G      3.15      1.33         0      4.48        18       512      0.14     0.207    0.0741     0.167      3.99      1.35         0
    12/299     6.91G      2.87       1.3         0      4.17        23       512     0.508     0.641     0.549     0.567      3.54     0.907         0
    13/299     6.91G       2.8      1.26         0      4.06        17       512     0.699     0.677     0.672     0.687      3.03     0.829         0
    14/299     6.91G      2.54      1.19         0      3.73        26       512     0.762     0.705     0.712     0.732      2.79     0.817         0
    15/299     6.91G      2.59      1.13         0      3.72        25       512     0.758     0.659     0.684     0.705      2.75     0.798         0
    16/299     6.91G      2.68      1.15         0      3.83        24       512     0.728     0.756     0.744     0.742      2.66     0.778         0
    17/299     6.91G      2.31      1.06         0      3.37        17       512      0.83     0.691     0.748     0.754      2.74     0.779         0
    18/299     6.91G      2.35      1.08         0      3.43        23       512     0.783     0.738     0.773      0.76      2.46     0.735         0
    19/299     6.91G      2.35     0.968         0      3.31        22       512     0.788     0.731     0.732     0.758      2.61     0.676         0
    20/299     6.91G      2.51     0.993         0       3.5        22       512     0.707     0.764     0.762     0.734      2.47     0.704         0
    21/299     6.91G      2.09     0.928         0      3.02        19       512     0.739     0.775     0.764     0.757      2.58     0.708         0
    22/299     6.91G      1.99     0.971         0      2.96        21       512     0.798     0.766     0.808     0.782      2.46      0.66         0
    23/299     6.91G      2.06     0.936         0      2.99        19       512     0.784     0.761     0.774     0.773       2.5     0.645         0
    24/299     6.91G      2.04     0.895         0      2.93        19       512     0.812     0.764     0.781     0.787      2.44     0.644         0
    25/299     6.91G      2.07     0.915         0      2.98        19       512     0.815     0.787       0.8     0.801      2.42     0.601         0
    26/299     6.91G      2.14     0.921         0      3.06        21       512     0.527     0.745     0.718     0.618      2.42     0.721         0
    27/299     6.91G      2.18     0.917         0      3.09        21       512     0.838      0.72     0.763     0.775      2.43     0.713         0
    28/299     6.91G      2.04     0.912         0      2.95        20       512     0.797     0.808     0.822     0.802      2.28     0.638         0
    29/299     6.91G      2.05     0.861         0      2.91        18       512     0.854     0.761     0.808     0.805      2.24     0.668         0
    30/299     6.91G      1.93     0.862         0      2.79        18       512     0.854     0.794      0.83     0.823      2.34     0.616         0
    31/299     6.91G      1.94     0.849         0      2.79        21       512     0.787     0.791     0.824     0.789       2.3     0.641         0
    32/299     6.91G      1.88     0.876         0      2.75        21       512     0.828       0.8     0.825     0.813      2.29     0.623         0
    33/299     6.91G      1.95      0.85         0       2.8        20       512     0.894     0.752     0.829     0.817      2.19     0.658         0
    34/299     6.91G      2.01     0.822         0      2.83        17       512      0.87     0.743     0.817     0.802      2.18     0.655         0
    35/299     6.91G       1.9     0.835         0      2.74        17       512     0.827       0.8      0.85     0.814      2.14     0.622         0
    36/299     6.91G      1.93      0.82         0      2.75        22       512     0.858     0.808     0.843     0.833       2.3     0.609         0
    37/299     6.91G      1.93     0.816         0      2.75        20       512     0.832     0.792     0.819     0.812      2.24     0.621         0
    38/299     6.91G      1.88     0.805         0      2.68        23       512     0.829     0.819     0.832     0.824      2.19       0.6         0
    39/299     6.91G      1.91     0.827         0      2.74        28       512     0.869     0.804      0.86     0.835      2.06     0.604         0
    40/299     6.91G      1.71     0.772         0      2.49        19       512     0.822     0.831     0.856     0.827      2.15     0.606         0
    41/299     6.91G      1.76      0.79         0      2.55        21       512     0.838     0.784     0.812      0.81      2.25     0.593         0
    42/299     6.91G       1.7     0.805         0      2.51        21       512     0.889     0.773     0.843     0.827      2.05     0.643         0
    43/299     6.91G      1.59      0.77         0      2.36        20       512     0.626     0.796     0.782     0.701      2.09      0.67         0
    44/299     6.91G      1.59     0.799         0      2.39        21       512     0.893     0.792     0.858      0.84      2.13     0.593         0
    45/299     6.91G      1.73     0.817         0      2.55        21       512     0.858     0.798     0.842     0.827      2.13     0.595         0
    46/299     6.91G       1.7     0.766         0      2.47        18       512     0.881     0.755     0.824     0.813      2.16     0.643         0
    47/299     6.91G      1.81      0.75         0      2.56        23       512     0.866     0.752     0.812     0.805      2.17     0.647         0
    48/299     6.91G      1.74     0.746         0      2.49        19       512     0.897     0.742     0.811     0.812      2.24     0.633         0
    49/299     6.91G         2     0.768         0      2.77        18       512     0.884     0.747     0.806      0.81      2.18     0.651         0
    50/299     6.91G      1.67     0.707         0      2.37        21       512     0.881     0.791     0.846     0.834      2.08     0.607         0
    51/299     6.91G      1.67     0.719         0      2.39        23       512     0.885     0.805     0.854     0.843      2.11     0.606         0
    52/299     6.91G      1.74     0.739         0      2.48        19       512      0.87     0.757     0.836      0.81      2.07     0.673         0
    53/299     6.91G      1.81     0.758         0      2.57        19       512     0.905     0.717     0.836       0.8      2.04     0.682         0
    54/299     6.91G      1.68     0.717         0       2.4        20       512     0.884     0.774     0.843     0.825      2.05      0.64         0
    55/299     6.91G       1.6      0.69         0      2.29        20       512     0.866     0.784     0.839     0.823      2.25     0.619         0
    56/299     6.91G      1.67     0.675         0      2.35        23       512     0.876      0.77      0.85      0.82      2.16     0.657         0
    57/299     6.91G      1.57     0.689         0      2.26        19       512     0.883     0.779     0.845     0.828      2.07      0.64         0
    58/299     6.91G      1.43     0.695         0      2.12        21       512     0.881     0.822     0.859     0.851      2.08     0.587         0
    59/299     6.91G      1.55     0.679         0      2.23        19       512     0.918      0.81     0.863     0.861         2     0.624         0
    60/299     6.91G      1.46     0.683         0      2.14        19       512     0.931      0.77     0.856     0.843      2.04     0.687         0
    61/299     6.91G      1.49      0.67         0      2.16        22       512     0.897     0.783     0.837     0.836      2.21      0.63         0
    62/299     6.91G      1.66     0.671         0      2.33        22       512     0.931     0.781     0.853      0.85      2.09     0.631         0
    63/299     6.91G      1.62     0.657         0      2.28        17       512     0.898      0.82     0.875     0.857      1.99     0.595         0
    64/299     6.91G      1.49     0.667         0      2.16        17       512     0.881     0.793     0.842     0.834      2.06      0.62         0
    65/299     6.91G      1.52      0.67         0      2.19        22       512     0.899     0.731     0.827     0.806      2.04     0.704         0
    66/299     6.91G      1.48     0.637         0      2.12        20       512     0.911      0.81     0.857     0.858      2.04     0.622         0
    67/299     6.91G      1.54      0.62         0      2.16        19       512     0.899     0.813     0.863     0.854      2.06     0.598         0
    68/299     6.91G      1.61     0.653         0      2.26        22       512       0.9     0.768     0.833     0.829      2.02      0.64         0
    69/299     6.91G      1.38     0.656         0      2.04        20       512      0.88     0.808     0.861     0.843      2.01     0.602         0
    70/299     6.91G      1.54     0.637         0      2.18        18       512     0.862     0.834     0.868     0.848      1.96     0.583         0
    71/299     6.91G      1.53      0.63         0      2.16        20       512     0.944     0.744     0.817     0.832      2.23     0.675         0
    72/299     6.91G      1.52     0.647         0      2.17        23       512     0.868     0.787     0.836     0.826      2.11     0.601         0
    73/299     6.91G      1.57     0.588         0      2.16        17       512     0.924     0.791     0.855     0.853      1.97     0.622         0
    74/299     6.91G       1.5      0.63         0      2.13        19       512     0.908     0.765     0.841      0.83      2.03     0.661         0
    75/299     6.91G      1.65     0.637         0      2.29        17       512     0.902     0.773     0.839     0.832       2.1     0.663         0
    76/299     6.91G      1.57     0.648         0      2.22        18       512     0.892     0.785     0.843     0.835      2.05     0.656         0
    77/299     6.91G      1.59     0.632         0      2.22        19       512     0.922     0.784     0.846     0.847      2.01     0.652         0
    78/299     6.91G      1.46     0.618         0      2.08        22       512     0.909     0.786     0.851     0.843      2.09     0.633         0
    79/299     6.91G       1.5     0.631         0      2.13        20       512     0.919     0.778     0.849     0.842      1.94     0.653         0
    80/299     6.91G      1.22     0.621         0      1.84        25       512     0.913     0.782     0.855     0.842      1.97     0.636         0
    81/299     6.91G      1.36      0.59         0      1.95        33       512     0.926      0.75     0.833     0.829      2.01     0.711         0
    82/299     6.91G      1.39     0.623         0      2.01        19       512     0.932     0.744     0.836     0.827      2.02     0.701         0
    83/299     6.91G      1.44     0.632         0      2.08        14       512     0.918     0.805     0.859     0.858         2     0.611         0
    84/299     6.91G      1.31     0.607         0      1.92        24       512     0.909     0.791     0.849     0.846      1.95     0.644         0
    85/299     6.91G      1.41     0.604         0      2.02        22       512     0.936     0.791     0.868     0.857      2.01     0.673         0
    86/299     6.91G      1.46     0.578         0      2.04        19       512     0.917     0.774     0.852     0.839      1.98     0.705         0
    87/299     6.91G      1.29     0.559         0      1.85        18       512     0.912     0.763     0.835     0.831      1.99      0.69         0
    88/299     6.91G      1.51     0.576         0      2.09        26       512     0.922     0.801     0.855     0.857         2     0.631         0
    89/299     6.91G      1.27     0.566         0      1.84        21       512     0.894     0.783     0.834     0.835      1.98     0.645         0
    90/299     6.91G      1.34     0.563         0       1.9        21       512     0.926     0.791     0.865     0.853      1.95     0.626         0
    91/299     6.91G      1.42     0.581         0         2        23       512       0.9     0.807     0.864     0.851      1.95     0.621         0
    92/299     6.91G      1.39     0.567         0      1.96        20       512     0.925     0.801     0.867     0.859      1.94     0.654         0
    93/299     6.91G      1.43     0.551         0      1.98        20       512     0.953     0.752     0.859     0.841      1.99     0.714         0
    94/299     6.91G      1.35     0.572         0      1.92        18       512     0.912      0.69     0.816     0.785      2.05     0.794         0
    95/299     6.91G       1.4     0.578         0      1.98        24       512      0.92     0.788     0.865     0.849      1.96     0.679         0
    96/299     6.91G      1.38     0.616         0         2        24       512     0.917       0.8     0.856     0.855      1.99     0.645         0
    97/299     6.91G      1.25     0.542         0      1.79        16       512     0.904     0.815     0.863     0.857      1.96     0.634         0
    98/299     6.91G      1.17     0.547         0      1.72        19       512     0.889     0.796     0.853      0.84      2.06     0.651         0
    99/299     6.91G      1.58      0.57         0      2.15        24       512     0.913     0.779     0.836     0.841      1.94     0.703         0
   100/299     6.91G      1.23     0.518         0      1.75        18       512     0.923     0.818     0.864     0.867      2.01     0.617         0
   101/299     6.91G      1.45     0.584         0      2.03        24       512     0.921      0.78     0.839     0.845      1.98     0.674         0
   102/299     6.91G      1.26     0.546         0      1.81        16       512     0.946     0.775     0.841     0.852      1.97     0.674         0
   103/299     6.91G      1.57     0.517         0      2.09        21       512     0.939     0.759     0.823      0.84      2.08     0.715         0
   104/299     6.91G      1.21     0.553         0      1.77        16       512     0.948     0.765     0.829     0.846      2.01     0.719         0
   105/299     6.91G      1.27     0.544         0      1.81        21       512     0.943     0.724     0.814     0.819      2.03     0.766         0
   106/299     6.91G      1.25     0.547         0      1.79        17       512     0.938     0.757     0.831     0.838      1.96      0.74         0
   107/299     6.91G      1.27      0.55         0      1.82        27       512     0.936     0.779      0.84      0.85      1.95     0.691         0
   108/299     6.91G      1.15     0.511         0      1.66        20       512     0.938     0.769     0.849     0.845      1.95     0.702         0
   109/299     6.91G      1.17     0.539         0      1.71        17       512     0.931     0.753     0.841     0.833      2.05     0.724         0
   110/299     6.91G      1.33     0.521         0      1.85        21       512     0.939     0.742     0.839     0.829         2     0.717         0
   111/299     6.91G      1.33     0.543         0      1.87        16       512     0.926      0.79     0.849     0.853      2.12     0.688         0
   112/299     6.91G      1.24     0.527         0      1.77        17       512     0.941     0.782     0.851     0.854      2.04     0.709         0
   113/299     6.91G      1.32     0.536         0      1.86        21       512     0.929     0.756     0.829     0.834      1.94     0.726         0
   114/299     6.91G      1.25     0.496         0      1.74        24       512     0.925     0.734     0.807     0.819      1.96     0.777         0
   115/299     6.91G      1.36     0.517         0      1.87        18       512     0.937     0.764     0.813     0.842      1.94     0.722         0
   116/299     6.91G      1.19     0.513         0       1.7        19       512      0.92     0.772     0.825      0.84      1.95     0.687         0
   117/299     6.91G       1.2     0.549         0      1.75        20       512     0.925     0.756     0.828     0.832      1.94     0.711         0
   118/299     6.91G       1.1     0.521         0      1.62        28       512     0.932      0.77     0.831     0.843      1.95     0.699         0
   119/299     6.91G      1.08     0.514         0      1.59        22       512     0.939     0.781     0.849     0.853      1.85     0.711         0
   120/299     6.91G      1.13     0.513         0      1.64        24       512     0.925      0.77      0.84      0.84      1.94     0.698         0
   121/299     6.91G      1.29     0.493         0      1.79        18       512     0.938     0.787     0.844     0.856       1.9     0.691         0
   122/299     6.91G      1.21     0.517         0      1.72        19       512     0.921     0.794     0.854     0.852      1.96      0.66         0
   123/299     6.91G       1.1     0.506         0      1.61        23       512     0.924      0.77     0.847      0.84      1.93     0.687         0
   124/299     6.91G      1.24     0.493         0      1.74        19       512     0.909     0.793     0.844     0.847      1.85     0.664         0
   125/299     6.91G      1.11     0.503         0      1.62        20       512     0.937     0.742     0.831     0.828       1.9     0.712         0
   126/299     6.91G      1.28     0.461         0      1.74        19       512     0.938     0.763     0.844     0.841      1.92     0.744         0
   127/299     6.91G      1.15     0.468         0      1.62        21       512     0.951     0.715     0.816     0.816      1.96     0.782         0
   128/299     6.91G      1.24     0.525         0      1.76        18       512     0.918     0.724     0.783     0.809       2.1     0.734         0
   129/299     6.91G      1.12     0.477         0       1.6        16       512     0.915      0.75      0.82     0.825      2.04     0.685         0
   130/299     6.91G      1.21     0.498         0      1.71        15       512     0.923      0.76     0.841     0.834      2.01     0.688         0
   131/299     6.91G      1.25     0.471         0      1.72        20       512     0.937     0.773     0.852     0.847      1.92     0.698         0
   132/299     6.91G       1.1     0.481         0      1.58        22       512      0.91     0.777     0.837     0.838       2.1      0.67         0
   133/299     6.91G       1.2     0.497         0       1.7        18       512     0.922     0.771     0.821      0.84      1.98     0.698         0
   134/299     6.91G      1.15     0.473         0      1.62        18       512      0.92      0.77     0.824     0.838      1.95     0.687         0
   135/299     6.91G      1.01     0.485         0      1.49        24       512     0.912     0.786     0.829     0.844      1.94     0.675         0
   136/299     6.91G      1.23     0.496         0      1.72        23       512     0.924      0.75     0.818     0.828      1.94     0.748         0
   137/299     6.91G      1.19     0.465         0      1.65        19       512     0.935     0.749     0.817     0.831      1.89     0.772         0
   138/299     6.91G      1.01     0.491         0       1.5        24       512     0.914     0.766      0.82     0.833      1.93      0.71         0
   139/299     6.91G      1.11     0.455         0      1.56        24       512     0.927     0.736     0.807     0.821      1.94      0.77         0
   140/299     6.91G      1.06     0.475         0      1.54        19       512     0.923      0.76      0.83     0.833      1.89     0.749         0
   141/299     6.91G      1.06     0.493         0      1.55        22       512     0.939     0.756     0.835     0.837      1.87     0.752         0
   142/299     6.91G         1     0.465         0      1.47        21       512     0.955     0.745     0.839     0.837      1.89     0.744         0
   143/299     6.91G      1.13     0.439         0      1.56        20       512      0.94     0.746     0.827     0.832      1.98     0.748         0
   144/299     6.91G      1.12     0.449         0      1.56        26       512     0.953     0.752      0.84     0.841      1.89     0.742         0
   145/299     6.91G      1.13     0.455         0      1.59        17       512     0.935      0.74     0.837     0.826      1.86     0.761         0
   146/299     6.91G      1.09     0.444         0      1.54        20       512     0.943     0.756      0.84     0.839      1.87     0.739         0
   147/299     6.91G     0.933     0.455         0      1.39        16       512     0.943     0.762     0.832     0.843      1.86     0.742         0
   148/299     6.91G      1.32      0.49         0      1.81        19       512     0.947     0.755     0.843      0.84      1.87     0.783         0
   149/299     6.91G      1.11     0.483         0       1.6        37       512     0.936     0.718     0.834     0.812      1.87      0.78         0
   150/299     6.91G       1.1      0.45         0      1.55        19       512     0.943     0.733     0.833     0.825      2.01     0.758         0
   151/299     6.91G      1.17     0.447         0      1.62        16       512     0.935     0.731     0.827      0.82      1.88     0.783         0
   152/299     6.91G      1.13      0.45         0      1.58        27       512     0.941     0.742     0.841     0.829      1.88     0.751         0
   153/299     6.91G      1.06     0.418         0      1.48        14       512     0.944     0.752     0.851     0.837      1.83     0.724         0
   154/299     6.91G      1.05     0.449         0       1.5        22       512     0.942      0.74     0.834     0.829      1.84     0.745         0
   155/299     6.91G      1.07     0.469         0      1.54        24       512     0.943     0.759     0.839     0.841      1.92     0.711         0
   156/299     6.91G      1.12     0.481         0       1.6        18       512     0.934     0.745      0.83     0.829      1.88     0.715         0
   157/299     6.91G      1.16     0.414         0      1.58        19       512     0.945     0.701     0.813     0.805      1.87     0.805         0
   158/299     6.91G         1     0.442         0      1.45        15       512     0.955     0.669     0.806     0.787       1.9     0.869         0
   159/299     6.91G      1.18     0.433         0      1.61        20       512     0.943     0.668     0.806     0.782      1.88     0.876         0
   160/299     6.91G      1.01     0.429         0      1.44        21       512     0.939     0.703      0.82     0.804      1.84     0.807         0
   161/299     6.91G      1.02     0.418         0      1.43        23       512      0.93     0.721     0.826     0.812      1.84     0.796         0
   162/299     6.91G      1.07     0.431         0       1.5        22       512     0.943     0.696     0.814     0.801      1.84     0.824         0
   163/299     6.91G       1.1     0.414         0      1.51        19       512     0.933     0.757     0.831     0.836      1.82     0.709         0
   164/299     6.91G      1.02     0.408         0      1.42        20       512     0.955     0.707     0.818     0.813      1.92     0.787         0
   165/299     6.91G      1.08     0.439         0      1.52        21       512     0.951     0.733     0.834     0.828      1.82     0.782         0
   166/299     6.91G     0.989     0.433         0      1.42        22       512      0.95     0.728      0.84     0.824      1.87     0.806         0
   167/299     6.91G      1.05     0.424         0      1.47        19       512      0.95     0.728     0.827     0.824      1.91     0.817         0
   168/299     6.91G      1.02     0.412         0      1.43        21       512     0.944     0.683     0.806     0.793      1.89     0.857         0
   169/299     6.91G     0.846     0.405         0      1.25        20       512      0.93     0.725     0.811     0.815      1.85     0.823         0
   170/299     6.91G     0.918     0.413         0      1.33        19       512     0.938     0.712     0.808      0.81      1.86     0.838         0
   171/299     6.91G      1.01     0.404         0      1.42        17       512     0.936     0.694     0.802     0.797      1.88     0.834         0
   172/299     6.91G      1.05      0.39         0      1.44        18       512     0.952     0.729     0.816     0.826      1.85     0.805         0
   173/299     6.91G      1.09     0.398         0      1.49        21       512     0.952     0.736     0.808      0.83      1.89     0.801         0
   174/299     6.91G     0.907     0.383         0      1.29        16       512     0.956     0.718     0.821      0.82      1.87     0.818         0
   175/299     6.91G     0.951     0.402         0      1.35        24       512     0.938     0.731      0.81     0.822      1.92     0.819         0
   176/299     6.91G     0.829     0.392         0      1.22        25       512     0.936     0.719     0.817     0.813      1.87     0.825         0
   177/299     6.91G     0.927     0.402         0      1.33        21       512     0.936     0.697     0.807     0.799      1.93     0.856         0
   178/299     6.91G     0.975     0.373         0      1.35        17       512     0.965     0.683      0.81       0.8      1.87      0.91         0
   179/299     6.91G      1.01     0.398         0      1.41        15       512     0.952     0.703     0.825     0.809      1.84     0.823         0
   180/299     6.91G     0.997     0.387         0      1.38        16       512      0.95     0.739     0.841     0.831      1.79     0.765         0
   181/299     6.91G      1.08     0.378         0      1.46        19       512     0.945     0.761      0.84     0.844      1.82     0.744         0
   182/299     6.91G     0.949     0.402         0      1.35        21       512     0.947     0.694     0.816     0.801       1.9     0.842         0
   183/299     6.91G      1.08     0.366         0      1.44        23       512     0.947     0.694     0.813     0.801      1.88     0.825         0
   184/299     6.91G     0.919     0.388         0      1.31        17       512     0.947     0.699     0.821     0.805      1.84     0.833         0
   185/299     6.91G     0.932     0.379         0      1.31        24       512     0.931     0.739     0.838     0.824      1.86     0.789         0
   186/299     6.91G     0.958     0.371         0      1.33        25       512     0.938     0.742     0.838     0.828      1.79     0.784         0
   187/299     6.91G     0.856      0.37         0      1.23        22       512     0.949     0.715     0.815     0.815      1.84     0.846         0
   188/299     6.91G     0.882     0.387         0      1.27        21       512      0.94     0.684     0.803     0.792      1.81      0.89         0
   189/299     6.91G     0.935     0.395         0      1.33        23       512     0.938     0.696      0.81     0.799      1.84     0.853         0
   190/299     6.91G     0.884     0.375         0      1.26        21       512     0.939     0.705     0.814     0.805      1.86     0.834         0
   191/299     6.91G     0.858     0.366         0      1.22        22       512     0.938     0.694     0.816     0.798      1.89      0.86         0
   192/299     6.91G     0.923     0.369         0      1.29        20       512     0.937     0.709     0.817     0.808      1.85     0.853         0
   193/299     6.91G      0.88     0.376         0      1.26        19       512     0.942     0.709     0.823     0.809      1.88     0.835         0
   194/299     6.91G     0.936     0.364         0       1.3        21       512     0.942     0.719     0.836     0.815      1.81     0.814         0
   195/299     6.91G     0.894      0.39         0      1.28        20       512      0.94     0.713     0.827     0.811      1.82     0.849         0
   196/299     6.91G     0.878     0.387         0      1.27        18       512     0.946     0.694     0.828     0.801      1.77     0.862         0
   197/299     6.91G     0.845     0.369         0      1.21        18       512     0.945     0.697     0.837     0.803      1.77     0.828         0
   198/299     6.91G      1.03     0.398         0      1.43        19       512     0.944     0.715     0.828     0.814      1.84      0.84         0
   199/299     6.91G      0.83      0.35         0      1.18        20       512     0.929     0.711      0.83     0.806      1.79     0.812         0
   200/299     6.91G     0.813     0.381         0      1.19        19       512     0.943     0.725     0.823     0.819      1.78      0.82         0
   201/299     6.91G     0.907     0.396         0       1.3        24       512      0.94     0.718     0.822     0.815       1.8     0.847         0
   202/299     6.91G     0.818     0.347         0      1.17        22       512     0.944     0.708     0.819     0.809      1.85     0.858         0
   203/299     6.91G     0.879     0.351         0      1.23        19       512     0.944     0.715     0.811     0.814       1.8     0.864         0
   204/299     6.91G     0.751     0.375         0      1.13        21       512     0.949     0.718     0.826     0.818       1.8     0.861         0
   205/299     6.91G     0.706     0.355         0      1.06        24       512     0.952     0.704     0.818      0.81      1.83     0.873         0
   206/299     6.91G     0.866     0.351         0      1.22        15       512     0.958     0.688     0.804     0.801      1.85     0.888         0
   207/299     6.91G     0.831     0.347         0      1.18        33       512     0.959     0.692     0.803     0.804      1.81     0.902         0
   208/299     6.91G     0.822     0.333         0      1.15        18       512     0.952     0.724      0.81     0.822      1.78     0.888         0
   209/299     6.91G     0.812     0.327         0      1.14        22       512     0.953     0.714     0.813     0.816      1.79      0.88         0
   210/299     6.91G     0.896     0.376         0      1.27        24       512     0.953     0.705     0.818      0.81      1.79     0.885         0
   211/299     6.91G     0.863     0.355         0      1.22        20       512     0.951     0.712     0.819     0.815      1.81      0.89         0
   212/299     6.91G     0.732     0.354         0      1.09        21       512     0.951      0.71     0.816     0.813      1.87     0.875         0
   213/299     6.91G     0.803     0.369         0      1.17        22       512      0.95     0.696     0.812     0.803      1.84     0.897         0
   214/299     6.91G     0.754     0.328         0      1.08        25       512     0.947     0.694     0.812     0.801      1.82     0.907         0
   215/299     6.91G     0.757      0.34         0       1.1        21       512     0.951     0.698     0.802     0.805      1.81     0.927         0
   216/299     6.91G     0.702     0.336         0      1.04        23       512      0.95     0.694     0.799     0.802      1.84      0.94         0
   217/299     6.91G     0.823     0.327         0      1.15        24       512     0.947     0.717     0.832     0.816       1.8      0.88         0
   218/299     6.91G     0.894     0.345         0      1.24        22       512     0.941     0.728     0.832     0.821      1.83     0.886         0
   219/299     6.91G      0.83      0.35         0      1.18        20       512     0.942     0.717     0.826     0.814      1.83     0.885         0
   220/299     6.91G      0.73     0.323         0      1.05        17       512     0.946      0.71     0.825     0.811      1.75     0.865         0
   221/299     6.91G     0.856     0.325         0      1.18        19       512     0.945     0.721     0.828     0.818      1.76     0.855         0
   222/299     6.91G     0.788     0.329         0      1.12        19       512     0.954     0.726     0.827     0.824       1.8     0.883         0
   223/299     6.91G     0.965     0.358         0      1.32        20       512     0.947     0.723     0.817      0.82      1.79     0.888         0
   224/299     6.91G     0.803      0.34         0      1.14        27       512     0.944     0.717     0.818     0.815      1.82     0.869         0
   225/299     6.91G     0.765     0.332         0       1.1        21       512     0.945     0.723     0.814     0.819      1.83     0.878         0
   226/299     6.91G     0.832     0.316         0      1.15        22       512     0.942      0.71     0.818      0.81      1.77     0.881         0
   227/299     6.91G     0.715     0.328         0      1.04        27       512     0.945     0.694     0.798     0.801      1.81     0.938         0
   228/299     6.91G     0.729      0.31         0      1.04        16       512     0.951     0.687     0.797     0.798      1.81     0.953         0
   229/299     6.91G     0.832     0.315         0      1.15        21       512      0.95     0.708     0.821     0.812       1.8     0.898         0
   230/299     6.91G     0.759     0.334         0      1.09        17       512     0.941     0.719     0.822     0.815      1.84     0.867         0
   231/299     6.91G     0.845     0.345         0      1.19        24       512     0.944      0.71     0.822      0.81      1.84     0.884         0
   232/299     6.91G     0.755     0.306         0      1.06        21       512     0.946     0.704     0.815     0.807      1.84     0.909         0
   233/299     6.91G     0.795     0.284         0      1.08        16       512     0.951     0.699     0.816     0.806      1.86     0.915         0
   234/299     6.91G     0.818     0.332         0      1.15        22       512     0.955     0.708     0.825     0.813      1.81     0.892         0
   235/299     6.91G     0.826     0.317         0      1.14        22       512     0.953     0.714     0.822     0.817      1.82     0.909         0
   236/299     6.91G     0.699     0.308         0      1.01        22       512     0.948     0.709     0.816     0.811      1.85     0.913         0
   237/299     6.91G     0.747     0.325         0      1.07        16       512     0.953     0.711     0.815     0.814      1.83     0.911         0
   238/299     6.91G     0.743     0.309         0      1.05        22       512     0.955     0.714     0.813     0.817      1.83     0.898         0
   239/299     6.91G      0.68     0.298         0     0.978        17       512     0.954     0.691     0.801     0.801      1.83      0.93         0
   240/299     6.91G     0.703     0.305         0      1.01        24       512     0.959     0.701     0.815      0.81      1.87     0.919         0
   241/299     6.91G     0.784     0.322         0      1.11        19       512     0.959     0.705     0.827     0.813      1.85     0.892         0
   242/299     6.91G     0.666     0.303         0      0.97        21       512      0.96     0.709     0.818     0.815      1.79      0.91         0
   243/299     6.91G     0.738     0.297         0      1.04        18       512     0.957      0.71     0.814     0.815      1.79      0.91         0
   244/299     6.91G     0.781     0.316         0       1.1        16       512      0.96     0.719     0.821     0.822      1.84     0.906         0
   245/299     6.91G     0.782     0.308         0      1.09        19       512     0.951     0.721     0.823      0.82      1.84     0.908         0
   246/299     6.91G     0.702     0.309         0      1.01        19       512     0.951     0.717     0.824     0.817      1.79     0.905         0
   247/299     6.91G     0.742     0.303         0      1.05        16       512     0.953     0.721     0.823     0.821      1.79     0.898         0
   248/299     6.91G     0.753     0.307         0      1.06        27       512     0.951      0.71     0.823     0.813      1.82     0.899         0
   249/299     6.91G     0.932       0.3         0      1.23        26       512     0.948     0.704     0.817     0.808      1.83     0.915         0
   250/299     6.91G      0.76     0.323         0      1.08        20       512     0.946     0.704     0.806     0.807      1.82     0.928         0
   251/299     6.91G     0.709     0.293         0         1        17       512     0.947     0.692     0.805       0.8      1.79     0.953         0
   252/299     6.91G     0.723     0.289         0      1.01        24       512     0.951     0.679      0.79     0.792      1.82     0.962         0
   253/299     6.91G     0.741     0.303         0      1.04        22       512     0.953     0.684     0.806     0.796      1.83     0.942         0
   254/299     6.91G     0.631     0.318         0     0.949        23       512     0.952      0.69     0.806       0.8      1.82     0.955         0
   255/299     6.91G      0.72     0.285         0         1        21       512     0.951     0.686     0.801     0.797      1.79     0.944         0
   256/299     6.91G     0.689     0.298         0     0.988        19       512     0.951     0.683     0.795     0.795      1.79     0.953         0
   257/299     6.91G     0.672     0.296         0     0.968        21       512      0.95     0.701     0.805     0.807       1.8     0.949         0
   258/299     6.91G     0.597     0.295         0     0.892        20       512     0.956     0.695     0.815     0.805       1.8     0.959         0
   259/299     6.91G       0.8     0.295         0      1.09        23       512     0.955     0.701     0.816     0.808      1.79     0.953         0
   260/299     6.91G     0.679     0.301         0      0.98        16       512     0.953     0.708     0.816     0.812      1.79     0.945         0
   261/299     6.91G     0.728     0.301         0      1.03        22       512     0.945     0.696     0.814     0.802      1.78     0.952         0
   262/299     6.91G     0.689     0.292         0     0.981        17       512     0.948     0.703     0.816     0.807      1.81     0.945         0
   263/299     6.91G     0.668     0.308         0     0.977        19       512     0.948       0.7     0.815     0.805      1.81     0.943         0
   264/299     6.91G     0.613     0.299         0     0.912        26       512     0.942     0.715     0.823     0.813      1.79     0.915         0
   265/299     6.91G      0.65      0.29         0      0.94        21       512     0.953     0.716     0.827     0.818      1.77     0.917         0
   266/299     6.91G     0.745     0.311         0      1.06        18       512     0.951     0.716     0.827     0.817      1.77     0.915         0
   267/299     6.91G     0.759     0.305         0      1.06        19       512     0.953      0.72     0.829     0.821       1.8     0.907         0
   268/299     6.91G     0.689     0.299         0     0.988        22       512     0.952     0.715     0.828     0.817      1.81     0.917         0
   269/299     6.91G     0.683      0.29         0     0.973        19       512     0.949     0.719     0.828     0.818      1.78     0.915         0
   270/299     6.91G     0.666     0.291         0     0.957        20       512     0.948     0.706     0.824     0.809      1.76     0.918         0
   271/299     6.91G     0.714     0.278         0     0.992        17       512      0.95     0.707     0.817     0.811      1.76     0.931         0
   272/299     6.91G     0.665     0.283         0     0.948        19       512     0.951     0.699     0.816     0.806      1.78     0.938         0
   273/299     6.91G     0.761     0.253         0      1.01        19       512      0.95     0.703     0.817     0.808      1.79     0.939         0
   274/299     6.91G     0.641      0.29         0     0.931        20       512     0.946     0.705     0.816     0.808      1.78     0.943         0
   275/299     6.91G     0.726     0.285         0      1.01        23       512     0.949     0.703     0.816     0.808      1.77     0.952         0
   276/299     6.91G     0.757     0.287         0      1.04        21       512     0.948     0.701     0.823     0.806      1.78     0.946         0
   277/299     6.91G     0.815     0.291         0      1.11        19       512     0.949     0.707     0.824      0.81      1.78      0.94         0
   278/299     6.91G     0.701     0.282         0     0.982        23       512     0.946     0.715     0.823     0.815      1.79     0.927         0
   279/299     6.91G     0.528       0.3         0     0.827        24       512     0.947     0.715     0.824     0.815      1.79     0.923         0
   280/299     6.91G     0.644     0.294         0     0.938        20       512     0.944     0.711     0.817     0.811      1.78     0.934         0
   281/299     6.91G     0.717     0.275         0     0.992        19       512     0.948     0.712     0.817     0.813      1.77     0.942         0
   282/299     6.91G     0.814     0.294         0      1.11        23       512     0.944     0.717     0.824     0.815      1.77     0.926         0
   283/299     6.91G     0.601     0.263         0     0.864        24       512     0.948     0.711     0.824     0.813      1.77     0.936         0
   284/299     6.91G     0.664     0.293         0     0.957        17       512      0.95     0.714     0.827     0.815      1.78      0.94         0
   285/299     6.91G     0.628     0.287         0     0.914        21       512     0.957      0.71     0.818     0.815      1.78     0.957         0
   286/299     6.91G     0.683     0.298         0     0.982        26       512     0.954     0.707     0.817     0.812      1.77     0.968         0
   287/299     6.91G     0.615     0.289         0     0.903        30       512     0.953     0.708     0.809     0.813      1.77     0.956         0
   288/299     6.91G     0.651     0.282         0     0.933        25       512     0.953      0.71     0.809     0.813      1.79     0.954         0
   289/299     6.91G     0.624     0.296         0      0.92        18       512     0.953     0.715     0.809     0.817       1.8     0.946         0
   290/299     6.91G     0.565     0.275         0     0.839        21       512     0.951     0.719     0.817     0.819       1.8      0.94         0
   291/299     6.91G     0.652     0.271         0     0.923        23       512     0.949      0.72     0.818     0.819      1.79     0.932         0
   292/299     6.91G     0.635     0.289         0     0.924        24       512     0.949     0.721     0.818      0.82       1.8     0.922         0
   293/299     6.91G      0.72     0.284         0         1        26       512     0.953     0.715      0.81     0.817       1.8     0.933         0
   294/299     6.91G     0.716      0.28         0     0.996        25       512     0.951     0.717     0.819     0.817      1.79     0.932         0
   295/299     6.91G     0.698     0.281         0     0.979        20       512     0.951     0.713     0.818     0.815      1.78     0.938         0
   296/299     6.91G     0.821     0.287         0      1.11        20       512     0.951     0.715     0.819     0.816      1.77     0.938         0
   297/299     6.91G     0.695     0.284         0     0.978        15       512     0.953     0.712      0.81     0.815      1.77     0.947         0
   298/299     6.91G     0.734     0.275         0      1.01        19       512     0.953      0.71      0.81     0.814      1.79     0.952         0
   299/299     6.91G     0.585     0.274         0     0.859        18       512     0.955     0.713     0.811     0.816       1.8     0.943         0
