0 0.3069230769230769 0.23 0.17076923076923076 0.3836363636363636
0 0.49538461538461537 0.22727272727272727 0.15692307692307692 0.36
0 0.6976923076923077 0.23454545454545456 0.18923076923076923 0.3709090909090909
0 0.9076923076923077 0.22545454545454546 0.16307692307692306 0.3018181818181818
0 0.10153846153846154 0.7327272727272727 0.19076923076923077 0.3563636363636364
0 0.30923076923076925 0.730909090909091 0.18769230769230769 0.4
0 0.40307692307692305 0.9281818181818182 0.0 0.005454545454545455
0 0.4023076923076923 0.9163636363636364 0.0015384615384615385 0.0
0 0.6984615384615385 0.769090909090909 0.20307692307692307 0.4290909090909091
0 0.8984615384615384 0.7490909090909091 0.19692307692307692 0.48363636363636364
